#Name: Katherine Murphy
#Class: CPSC 4300

x <- c(4,8,15,16,23,42) #Inline

